137 325 -0.002218 
322 325 -0.002533 
308 325 -0.002767 
315 325 -0.002864 
307 325 -0.003280 
190 325 -0.004192 
319 325 -0.004210 
137 289 -0.004527 
69 325 -0.004990 
278 325 -0.005016 
289 315 -0.005197 
234 325 -0.005261 
34 325 -0.005346 
289 322 -0.005440 
295 325 -0.005611 
325 327 -0.005666 
289 319 -0.005784 
165 325 -0.005921 
270 325 -0.005976 
46 325 -0.006146 
282 325 -0.006436 
129 137 -0.006460 
44 325 -0.006610 
137 324 -0.006648 
157 325 -0.006680 
160 325 -0.006685 
273 325 -0.006732 
289 308 -0.006776 
289 307 -0.006961 
190 289 -0.006970 
