308 325 -0.082784 
315 325 -0.132700 
319 325 -0.134294 
190 325 -0.135186 
240 308 -0.136305 
137 325 -0.138295 
322 325 -0.142563 
289 308 -0.145617 
325 327 -0.169851 
307 325 -0.177704 
240 325 -0.182276 
240 319 -0.188108 
190 240 -0.188784 
160 325 -0.189555 
289 319 -0.190309 
289 315 -0.192656 
190 289 -0.193467 
204 325 -0.197346 
137 289 -0.198265 
289 322 -0.203623 
289 325 -0.210373 
69 325 -0.210768 
240 315 -0.210946 
308 319 -0.212683 
240 327 -0.219373 
190 308 -0.219928 
34 325 -0.220599 
137 240 -0.225351 
240 322 -0.225424 
289 327 -0.230294 
