276 291 0.666667 
136 269 0.652174 
269 280 0.645833 
26 318 0.621622 
28 97 0.613636 
7 121 0.609756 
1 153 0.606061 
20 229 0.600000 
4 114 0.591837 
4 41 0.586957 
41 130 0.586957 
20 112 0.586207 
19 230 0.580645 
8 121 0.577778 
288 291 0.577778 
265 269 0.576923 
268 301 0.576923 
200 234 0.565217 
132 206 0.564103 
273 291 0.564103 
66 121 0.562500 
10 291 0.552632 
90 229 0.545455 
2 74 0.536585 
6 106 0.536585 
136 300 0.536585 
10 136 0.534884 
97 130 0.534884 
8 130 0.533333 
151 153 0.531250 
