285 303 95.318245 
17 94 91.740356 
107 122 91.173210 
150 303 89.103065 
258 293 85.427666 
150 205 85.106155 
65 107 84.393425 
107 161 83.536018 
276 287 83.436722 
107 186 81.911453 
60 107 81.127609 
9 18 80.546059 
166 293 79.565598 
72 107 78.052620 
9 298 77.922966 
11 301 76.649994 
150 299 75.950211 
18 287 75.662476 
108 135 75.603401 
108 117 75.517906 
112 287 74.882126 
17 77 74.831085 
58 107 74.687752 
287 298 74.556435 
17 163 74.453583 
9 217 74.414047 
29 107 74.367844 
17 28 74.310760 
61 101 74.019272 
235 285 72.938271 
